[MODE]
IS_WORLD_ALIGNED=0
FOV=65

[GFORCES]
MIX=-0.00276,-0.00276,-0.0035
LAG=0.8

[SHAKE]
SCALE=0,0,0
FREQ=150,150,100
RANDOM=0.5

[ROTATION]
HEAD_MAX_DEGREES=60
SPEED=20

